Auto Calibration Utility Version: Version 3.40.19
Time and Date of Backup: 17-March-22 12:33:13 
Backup Format: 3
Serial Number: 70000003
Number of Ports: 1
Power Meter Model: E4418B
Power Meter SN: MY45108792
Power Sensor Model: E4412A
Power Sensor SN: MY41503454

GSS7000 70000003     Version Info
Slot Card S/N        FPGA   FW    IF   PIC   Status
     BP,  21000006,      ,      ,   ,  2.06,
     RO,  00000000,  1.14,      ,   ,  3.03,
 0:  S2,  24001000, 17.06, 17.21,  8,  1.13, R00000000, M00000000, I00020080
     U,   05000016,  8.01,  8.02, 11,  3.00, R00000008, M00000000, I00000080
 1:  S2,  24002431, 17.06, 17.21,  8,  1.13, R00000000, M00000000, I00020080
     U,   05005071,  8.01,  8.02, 11,  3.00, R00000008, M00000000, I00000080
 2:  S2,  24002482, 17.06, 17.21,  8,  1.13, R00000000, M00000000, I00020080
     U,   05005091,  8.01,  8.02, 11,  3.00, R00000008, M00000000, I00000080
 3:  S2,  24002494, 17.06, 17.21,  8,  1.13, R00000000, M00000000, I00020080
     U,   05005109,  8.01,  8.02, 11,  3.00, R00000008, M00000000, I00000080
10:  T2,  21000006,  9.00, 11.00, 10,  1.00, R00000008, M00000000, I00030080

Frequency:
1176	1192	1203	1208	1228	1241	1245	1269	1279	1562	1575	1601	

DLAY HIGH:
5941	5941	5940	5940	5941	5942	5942	5944	5944	5937	5935	5938
5941	5940	5939	5939	5940	5940	5941	5943	5943	5935	5933	5935
5941	5941	5940	5940	5940	5941	5942	5943	5943	5936	5934	5936
5942	5942	5940	5940	5941	5942	5942	5944	5944	5938	5936	5938

DLAY LOW:
5023	5024	5021	5022	5020	5021	5021	5021	5022	5009	5007	5007
5023	5024	5022	5021	5021	5021	5020	5021	5020	5008	5003	5008
5024	5025	5021	5021	5021	5020	5021	5022	5021	5008	5007	5007
5026	5025	5024	5022	5022	5022	5023	5022	5022	5009	5008	5007

DLAY MON:
0	0	0	0	0	0	0	0	0	0	0	0
0	0	0	0	0	0	0	0	0	0	0	0
0	0	0	0	0	0	0	0	0	0	0	0
0	0	0	0	0	0	0	0	0	0	0	0

ZDLY:
44100	44400	0	44100	44000	0	91000	0	43900	43900	43900	91000
44100	44400	0	44100	44000	0	91000	0	43900	43900	43900	91000
44100	44400	0	44100	44000	0	91000	0	43900	43900	43900	91000
44100	44400	0	44100	44000	0	91000	0	43900	43900	43900	91000

RFOF:
49.82	49.78	49.76	49.75	49.70	49.67	49.67	49.62	49.60	49.11	49.09	49.06
0.00	0.00	0.00	0.00	0.00	0.00	0.00	0.00	0.00	0.00	0.00	0.00

CLOG:
-3.27	-3.24	-3.28	-3.19	-3.19	-3.21	-3.16	-3.12	-3.01	-2.31	-2.26	-2.06
-2.24	-2.20	-2.27	-2.30	-2.28	-3.81	-2.24	-2.38	-2.27	-2.79	-2.76	-2.61
-2.22	-2.20	-1.97	-2.28	-2.26	-3.78	-2.24	-2.36	-2.22	-2.75	-2.71	-2.57
-2.20	-2.17	-2.35	-2.24	-2.24	-3.71	-2.20	-2.32	-2.21	-2.79	-2.77	-2.62

Ref Osc Value Stored (Hex): C050

IBCO: 0 0 0

DATE: 0 1908091607 0

Checksum: FFFE17A0