Auto Calibration Utility Version: Version 3.40.19
Time and Date of Backup: 12-January-22 14:35:13 
Backup Format: 3
Serial Number: 90000165
Number of Ports: 2
Power Meter Model: E4418B
Power Meter SN: GB39512636
Power Sensor Model: E4412A
Power Sensor SN: MY41495658

GSS9000 90000165     Version Info
Slot Card S/N        FPGA   FW    IF   PIC   Status
     BP,  10646190,      ,      ,   ,  4.05,
     RO,  02000310,  1.14,      ,   ,  3.03,
 0:  S,   04001839, 15.02, 15.02,  8,  3.01, R00000000, M00000000, I00020080
     U,   05002046,  6.02,  6.08, 11,  3.00, R00000008, M00000000, I00000080
 1:  S,   04001903, 15.02, 15.02,  8,  3.01, R00000000, M00000000, I00020080
     U,   05002009,  6.02,  6.08, 11,  3.00, R00000008, M00000000, I00000080
 2:  S,   04001959, 15.02, 15.02,  8,  3.01, R00000000, M00000000, I00020080
     U,   05002017,  6.02,  6.08, 11,  3.00, R00000008, M00000000, I00000080
 3:  S,   04001917, 15.02, 15.02,  8,  3.01, R00000000, M00000000, I00020080
     U,   05002037,  6.02,  6.08, 11,  3.00, R00000008, M00000000, I00000080
 4:  S,   04001954, 15.02, 15.02,  8,  3.01, R00000000, M00000000, I00020080
     U,   05001887,  6.02,  6.08, 11,  3.00, R00000008, M00000000, I00000080
 5:  S,   04002063, 15.02, 15.02,  8,  3.01, R00000000, M00000000, I00020080
     U,   05002159,  6.02,  6.08, 11,  3.00, R00000008, M00000000, I00000080
 6:  S,   04002015, 15.02, 15.02,  8,  3.01, R00000000, M00000000, I00020080
     U,   05002085,  6.02,  6.08, 11,  3.00, R00000008, M00000000, I00000080
 7:  S,   04002003, 15.02, 15.02,  8,  3.01, R00000000, M00000000, I00020080
     U,   05002045,  6.02,  6.08, 11,  3.00, R00000008, M00000000, I00000080
 8:  S,   04002021, 15.02, 15.02,  8,  3.01, R00000000, M00000000, I00020080
     U,   05002039,  6.02,  6.08, 11,  3.00, R00000008, M00000000, I00000080
 9:  S,   04002016, 15.02, 15.02,  8,  3.01, R00000000, M00000000, I00020080
     U,   05002122,  6.02,  6.08, 11,  3.00, R00000008, M00000000, I00000080
10:  T,   01000275,  8.00, 12.00, 10,  3.04, R00000008, M00000000, I00020080
     C,   03000326,  5.01,  5.01, 11,  3.00, R00000008, M00000000, I00000080

Frequency:
1176	1192	1203	1208	1228	1241	1245	1269	1279	1562	1575	1601	

DLAY HIGH:
7512	7517	7515	7517	7514	7517	7518	7517	7519	7524	7530	7532
9604	9601	9598	9601	9598	9602	9603	9601	9609	9616	9620	9624
7243	7247	7245	7246	7244	7249	7250	7246	7248	7257	7261	7263
9373	9376	9371	9373	9366	9372	9373	9372	9378	9386	9396	9396
7009	7013	7010	7011	7012	7017	7017	7014	7017	7024	7029	7029
9172	9171	9168	9171	9166	9170	9172	9170	9177	9186	9195	9195
6810	6814	6811	6813	6813	6818	6819	6816	6819	6835	6841	6835
8982	8986	8981	8982	8977	8986	8988	8984	8989	9007	9008	9009
6615	6615	6612	6614	6619	6621	6620	6616	6622	6634	6635	6642
8773	8776	8775	8777	8772	8778	8780	8781	8788	8788	8792	8794

DLAY LOW:
6857	6861	6859	6859	6856	6860	6861	6860	6861	6836	6839	6840
6986	6986	6983	6985	6984	6986	6986	6985	6992	6966	6966	6971
6590	6593	6591	6593	6589	6595	6596	6592	6593	6572	6572	6575
6755	6762	6757	6757	6755	6760	6761	6758	6763	6739	6744	6744
6357	6360	6357	6359	6359	6364	6364	6359	6362	6338	6340	6341
6558	6557	6555	6556	6556	6558	6558	6557	6562	6537	6541	6542
6158	6160	6158	6161	6160	6165	6166	6162	6165	6150	6153	6147
6367	6372	6368	6368	6367	6373	6374	6371	6373	6358	6355	6356
5964	5962	5960	5963	5966	5968	5967	5962	5967	5949	5948	5954
6158	6163	6161	6163	6160	6165	6166	6166	6172	6140	6139	6142

DLAY MON:
4966	4965	4960	4961	4955	4952	4952	4950	4949	5021	5029	5045
5086	5086	5085	5089	5097	5101	5101	5106	5110	5095	5096	5113
0	0	0	0	0	0	0	0	0	0	0	0
0	0	0	0	0	0	0	0	0	0	0	0

ZDLY:
43720	45630	0	43630	43620	0	90760	43640	43590	43640	43650	90730
43740	43690	0	43600	43710	0	90760	43690	43650	43650	43660	90790
43730	43630	0	43800	43700	0	90770	43640	43580	43650	43690	90780
43890	43850	0	43780	43780	0	90880	43780	43760	43790	43780	90900
43700	43630	0	43740	43670	0	90780	43650	43550	43620	43620	90710
43870	43840	0	43780	43810	0	90930	43830	43780	43800	43790	90900
43640	43570	0	43620	43610	0	90710	43580	43500	43550	43550	90640
43790	43730	0	43740	43730	0	90820	43710	43680	43640	43650	90860
43600	43500	0	43610	43580	0	90600	43540	43450	43530	43550	90680
43840	43780	0	43690	43800	0	90830	43770	43700	43730	43720	90850

RFOF:
50.21	50.15	50.11	50.09	50.03	49.98	49.97	49.92	49.90	50.27	50.34	50.47
49.52	49.46	49.42	49.40	49.34	49.30	49.29	49.23	49.21	49.63	49.70	49.83

CLOG:
-3.06	-3.07	-3.39	-3.13	-3.16	-3.51	-3.20	-3.24	-3.16	-2.70	-2.61	-2.41
-3.27	-3.30	-3.62	-3.38	-3.42	-3.76	-3.45	-3.49	-3.39	-2.99	-2.96	-2.89
-3.25	-3.25	-3.55	-3.34	-3.36	-3.67	-3.40	-3.48	-3.37	-2.93	-2.84	-3.54
-3.40	-3.43	-3.73	-3.51	-3.53	-3.85	-3.53	-3.57	-3.48	-3.14	-3.11	-2.98
-3.31	-3.30	-3.59	-3.39	-3.44	-3.75	-3.48	-3.55	-3.43	-2.93	-2.84	-3.58
-3.50	-3.54	-3.80	-3.62	-3.66	-3.95	-3.68	-3.74	-3.64	-3.15	-3.10	-2.99
-3.38	-3.42	-3.69	-3.51	-3.53	-3.83	-3.58	-3.64	-3.57	-3.13	-3.02	-2.80
-3.62	-3.66	-3.98	-3.75	-3.81	-4.16	-3.84	-3.94	-3.85	-3.33	-3.30	-3.22
-3.43	-3.47	-3.67	-3.59	-3.65	-3.86	-3.70	-3.78	-3.71	-3.32	-3.26	-3.11
-3.79	-3.85	-4.05	-3.93	-4.00	-4.24	-4.04	-4.11	-4.03	-3.58	-3.55	-3.46

Ref Osc Value Stored (Hex): 708F

IBCO: 0 0 0

DATE: 0 2201121402 0

Checksum: FFFC43F1