************************************************** REPORT **************************************************



Generated on 2022-10-10 15:47:48.451431


------------------------------------------------------------------------------------------------------------------------
This Report has been generated by comparing the following files:


1. Z:/Matteo/Python/Text Comparator Utility/V0.92/GSS7000_SN70000003_Pre-Calibration_17Mar22_12H33M13S.txt

2. Z:/Matteo/Python/Text Comparator Utility/V0.92/GSS7000_SN70000003_Post-Calibration_17Mar22_12H45M00S.txt



------------------------------------------------------------------------------------------------------------------------
Frequency:
1176	1192	1203	1208	1228	1241	1245	1269	1279	1562	1575	1601	



------------------------------------------------------------------------------------------------------------------------
CLOG POWER Values(Need to be within 0 and -5):


PRE-CALIBRATION FILE:

-3.27	-3.24	-3.28	-3.19	-3.19	-3.21	-3.16	-3.12	-3.01	-2.31	-2.26	-2.06	
-2.24	-2.2	-2.27	-2.3	-2.28	-3.81	-2.24	-2.38	-2.27	-2.79	-2.76	-2.61	
-2.22	-2.2	-1.97	-2.28	-2.26	-3.78	-2.24	-2.36	-2.22	-2.75	-2.71	-2.57	
-2.2	-2.17	-2.35	-2.24	-2.24	-3.71	-2.2	-2.32	-2.21	-2.79	-2.77	-2.62	



POST-CALIBRATION FILE:

-3.27	-3.24	-3.28	-3.19	-3.19	-3.21	-3.16	-3.12	-3.02	-2.32	-2.26	-2.06	
-2.31	-2.27	-2.27	-2.36	-2.33	-3.81	-2.29	-2.44	-2.33	-2.87	-2.83	-2.69	
-2.28	-2.25	-1.97	-2.33	-2.31	-3.78	-2.28	-3.41	-2.28	-2.82	-2.79	-2.64	
-2.26	-2.22	-2.35	-2.31	-2.28	-3.71	-2.25	-2.39	-2.27	-2.87	-2.84	-2.69	



------------------------------------------------------------------------------------------------------------------------
ZDLY Values differences (need to be less than 1000):

 00000 00300 0 	 00000 00000 0 	 00000 0 	 00000 00000 00000 00000 
 00000 00300 0 	 00000 00000 0 	 00000 0 	 00000 00000 00000 00000 
 00000 00300 0 	 00000 00000 0 	 00000 0 	 00000 00000 00000 00000 
 00000 00300 0 	 00000 00000 0 	 00000 0 	 00000 00000 00000 00000 