************************************************** REPORT **************************************************



Generated on 2022-10-19 08:54:48.348733


------------------------------------------------------------------------------------------------------------------------
This Report has been generated by comparing the following files:


1. Z:/Matteo/Python/Text Comparator Utility/V0.92/GSS9000_SN90000165_Pre-Calibration_12Jan22_14H35M13S.txt

2. Z:/Matteo/Python/Text Comparator Utility/V0.92/GSS9000_SN90000165_Post-Calibration_12Jan22_14H42M42S.txt



------------------------------------------------------------------------------------------------------------------------
Frequency:
1176	1192	1203	1208	1228	1241	1245	1269	1279	1562	1575	1601	


------------------------------------------------------------------------------------------------------------------------
CLOG POWER Values(Need to be within 0 and -5):


PRE-CALIBRATION FILE:

-3.06	-3.07	-3.39	-3.13	-3.16	-3.51	-3.2	-3.24	-3.16	-2.7	-2.61	-2.41	
-3.27	-3.3	-3.62	-3.38	-3.42	-3.76	-3.45	-3.49	-3.39	-2.99	-2.96	-2.89	
-3.25	-3.25	-3.55	-3.34	-3.36	-3.67	-3.4	-3.48	-3.37	-2.93	-2.84	-3.54	
-3.4	-3.43	-3.73	-3.51	-3.53	-3.85	-3.53	-3.57	-3.48	-3.14	-3.11	-2.98	
-3.31	-3.3	-3.59	-3.39	-3.44	-3.75	-3.48	-3.55	-3.43	-2.93	-2.84	-3.58	
-3.5	-3.54	-3.8	-3.62	-3.66	-3.95	-3.68	-3.74	-3.64	-3.15	-3.1	-2.99	
-3.38	-3.42	-3.69	-3.51	-3.53	-3.83	-3.58	-3.64	-3.57	-3.13	-3.02	-2.8	
-3.62	-3.66	-3.98	-3.75	-3.81	-4.16	-3.84	-3.94	-3.85	-3.33	-3.3	-3.22	
-3.43	-3.47	-3.67	-3.59	-3.65	-3.86	-3.7	-3.78	-3.71	-3.32	-3.26	-3.11	
-3.79	-3.85	-4.05	-3.93	-4.0	-4.24	-4.04	-4.11	-4.03	-3.58	-3.55	-3.46	



POST-CALIBRATION FILE:

-3.14	-3.15	-3.39	-3.21	-3.26	-3.51	-3.31	-3.33	-3.24	-2.79	-2.68	-2.5	
-3.34	-3.37	-3.62	-3.46	-3.53	-3.76	-3.55	-3.58	-3.47	-3.07	-3.02	-2.95	
-3.25	-3.25	-3.55	-3.34	-3.36	-3.67	-3.4	-3.48	-3.37	-2.93	-2.84	-3.54	
-3.4	-3.43	-3.73	-3.51	-3.53	-3.85	-3.53	-3.57	-3.48	-3.14	-3.11	-2.98	
-3.31	-3.3	-3.59	-3.39	-3.44	-3.75	-3.48	-3.55	-3.43	-2.93	-2.84	-3.58	
-3.5	-3.54	-3.8	-3.62	-3.66	-3.95	-3.68	-3.74	-3.64	-3.15	-3.1	-2.99	
-3.38	-3.42	-3.69	-3.51	-3.53	-3.83	-3.58	-3.64	-3.57	-3.13	-3.02	-2.8	
-3.62	-3.66	-3.98	-3.75	-3.81	-4.16	-3.84	-3.94	-3.85	-3.33	-3.3	-3.22	
-3.43	-3.47	-3.67	-3.59	-3.65	-3.86	-3.7	-3.78	-3.71	-3.32	-3.26	-3.11	
-3.79	-3.85	-4.05	-3.93	-4.0	-4.24	-4.04	-4.11	-4.03	-3.58	-3.55	-3.46	



------------------------------------------------------------------------------------------------------------------------
ZDLY Values differences (need to be less than 1000):

 00000 02000 0 	 00000 00000 0 	 00000 00000 00000 00000 00000 00000 
 00000 00000 0 	 00000 00000 0 	 00000 00000 00000 00000 00000 00000 
 00000 00000 0 	 00000 00000 0 	 00000 00000 00000 00000 00000 00000 
 00000 00000 0 	 00000 00000 0 	 00000 00000 00000 00000 00000 00000 
 00000 00000 0 	 00000 00000 0 	 00000 00000 00000 00000 00000 00000 
 00000 00000 0 	 00000 00000 0 	 00000 00000 00000 00000 00000 00000 
 00000 00000 0 	 00000 00000 0 	 00000 00000 00000 00000 00000 00000 
 00000 00000 0 	 00000 00000 0 	 00000 00000 00000 00000 00000 00000 
 00000 00000 0 	 00000 00000 0 	 00000 00000 00000 00000 00000 00000 
 00000 00000 0 	 00000 00000 0 	 00000 00000 00000 00000 00000 00000 
 